 	genome1.fasta	genome2.fasta	genome3.fasta	genome4.fasta	genome5.fasta	genome6.fasta	genome7.fasta	genome8.fasta	genome9.fasta	genome10.fasta	
genome1.fasta	100	99.89	99.95	99.85	99.79	99.89	99.81	99.87	99.84	99.90	
genome2.fasta	99.89	100	99.88	99.87	99.79	99.93	99.80	99.94	99.85	99.95	
genome3.fasta	99.95	99.88	100	99.84	99.80	99.88	99.79	99.89	99.80	99.88	
genome4.fasta	99.85	99.87	99.84	100	99.86	99.84	99.84	99.86	99.84	99.86	
genome5.fasta	99.79	99.79	99.80	99.86	100	99.80	99.95	99.81	99.87	99.81	
genome6.fasta	99.89	99.93	99.88	99.84	99.80	100	99.80	99.92	99.81	99.92	
genome7.fasta	99.81	99.80	99.79	99.84	99.95	99.80	100	99.79	99.87	99.81	
genome8.fasta	99.87	99.94	99.89	99.86	99.81	99.92	99.79	100	99.82	99.93	
genome9.fasta	99.84	99.85	99.80	99.84	99.87	99.81	99.87	99.82	100	99.83	
genome10.fasta	99.90	99.95	99.88	99.86	99.81	99.92	99.81	99.93	99.83	100	
